   52.5720825    
   88.9844742    
   47.0684891    
   58.1108322    
   72.8368683    
   39.7818375    
   80.1604080    
   50.5213394    
   38.9170113    
   89.2038345    
   86.7786560    
   24.0215607    
   65.1646881    
   22.7180710    
   17.2465553    
   66.1973190    
   64.7721024    
   62.6517410    
   73.2769852    
   25.9212971    
   60.9359436    
   67.7543182    
   13.3108673    
   24.5495319    
   60.6782188    
   16.9172173    
   88.0814056    
   91.4288483    
   50.2388725    
   37.8830490    
   90.5400391    
   51.9923935    
   62.5123749    
   84.0199127    
   38.1494217    
   59.5707474    
   26.7632542    
   35.6616211    
   43.7905502    
   38.3359261    
   8.56316662    
   62.6276474    
   14.4138575    
   10.0808382    
   51.3223724    
   77.0261078    
   61.0644531    
   28.2088928    
   38.7174377    
   82.7330017    
   42.1038284    
   38.7991257    
   41.9878197    
   53.5873108    
   33.2601662    
   90.5272751    
   5.68057919    
   47.2329788    
   33.3497658    
   30.1721344    
   89.0857391    
   74.2611923    
   32.1276779    
   45.5174370    
   25.9451504    
   93.4006119    
   78.7254486    
   36.3357544    
   94.3370895    
   11.0254822    
   67.1584473    
   41.5883484    
   49.4726830    
   67.4237671    
   76.3885956    
   49.3378029    
   34.7807121    
   55.3365898    
   10.2738743    
   2.93866396    
   49.3585892    
   88.1580276    
   80.5343018    
   3.49035263    
   46.3332787    
   30.2280312    
   31.5058651    
   33.3266182    
   5.28493500    
   40.2192459    
   16.1923771    
   68.7380981    
   76.4464417    
   39.3970833    
   30.0721588    
   8.30481052    
   56.9225197    
   36.0930748    
   90.0843430    
   3.83576155    
   41.1758003    
   52.7938080    
   38.2695122    
   14.0396833    
   71.0786209    
   11.5298452    
   32.0018349    
   95.4901123    
   48.8518906    
   67.7233429    
   85.1851807    
  0.934547186    
   69.4680099    
   60.9421120    
   61.7448273    
   34.1590576    
   23.2231255    
   17.9561672    
   38.5379333    
   53.9123421    
   47.0772552    
   60.2346954    
   62.1450119    
   45.0091362    
   77.0640945    
   25.9978600    
   57.0098457    
   52.4498596    
   54.2991714    
   57.6675720    
   14.5150900    
   10.9896297    
   19.3932362    
   45.7414703    
   43.6381226    
   55.5239334    
   58.9705582    
   69.3902740    
   51.5320549    
   35.4960556    
   74.8006821    
   3.48412991    
   37.8269386    
   86.9238434    
   2.97069550    
   40.5194054    
   90.6965332    
   29.0759811    
   83.7873611    
   72.0105896    
   95.1232758    
   26.6088848    
   10.1995411    
   68.4879150    
   33.8992043    
   93.4791260    
   35.2984238    
   2.60185599    
   91.0536957    
   84.8496399    
   97.2882996    
   30.3793678    
   6.89342022    
   80.3610535    
   66.2676163    
   57.3036613    
   76.8316956    
   4.43031788    
   14.9580841    
   19.3108788    
   79.5884018    
   54.7565460    
   17.1195450    
   23.0924015    
   11.9340420    
   43.4365463    
   99.3874435    
   82.2016068    
   1.25709772    
   34.0757980    
   62.4435959    
   36.4257507    
   12.9881144    
   67.4656754    
   56.2911034    
   6.96429634    
   36.7122116    
   43.4647903    
   36.5032959    
   34.4726372    
   98.2613678    
   48.5173721    
   21.5529804    
   42.9548912    
   66.7801743    
   26.1808224    
   55.5743408    
   96.3818893    
   86.9144287    
   75.2872772    
   54.3186722    
   65.9693298    
   85.0169678    
   86.2445374    
   29.3451672    
   11.3207998    
   4.53625917    
  0.368767977    
   52.2572632    
   83.9281616    
   69.6553421    
   64.8427277    
   4.36900234    
   81.9965973    
   67.9358215    
   50.3366814    
   41.8039627    
   60.1292381    
   89.9709854    
   5.18982983    
   73.7426682    
   30.0857601    
   20.3364849    
   38.2065887    
   76.9612579    
   23.6624355    
  0.976133347    
   70.3702545    
   85.9421768    
   85.1807709    
   74.9792175    
   74.8646240    
   82.6753235    
   33.4818535    
   98.0755234    
   70.3220978    
   24.6625843    
   52.1981850    
   63.3171806    
   72.3593216    
   86.0425797    
   51.5711250    
   85.8211517    
   92.9041367    
   38.1737595    
   23.8824539    
   88.1662521    
   35.2432861    
   92.9386063    
   99.5027924    
   22.9843674    
   17.3317490    
   34.7935982    
   23.9041920    
   62.1255646    
   85.6855545    
   71.5699997    
   31.8984680    
   86.9354553    
   68.0971832    
   60.7960205    
   19.5554142    
   49.8027687    
   41.2392960    
   5.40882969    
   63.8426666    
   63.8736801    
   3.27541828    
   6.61109066    
   25.3016529    
   25.5425568    
   93.5853348    
   16.8735924    
   73.2910690    
   35.7308922    
   38.7772331    
   51.0315399    
   48.8342514    
   9.15622139    
   43.1619949    
   37.6583710    
   84.5879288    
   94.3859253    
   40.6353951    
   82.0289841    
   20.6712723    
   86.3423615    
   35.7630424    
   84.7180481    
   87.7804184    
   8.65424252    
   47.6195755    
   58.8366852    
   92.4117889    
   65.5589676    
   37.3942184    
   36.6879120    
   38.1641502    
   97.0798645    
   15.6877699    
   2.25989819    
   44.9676399    
   45.8909378    
   28.2121124    
   50.7083893    
   88.4678040    
   37.7144089    
   69.4792862    
   69.7638855    
   88.1220703    
   10.9887066    
   47.3054237    
   15.8479156    
   99.6180649    
   7.42955208    
   11.6850672    
   61.2313347    
   29.4585114    
   45.2323914    
   85.1595154    
   48.0464859    
   20.9155445    
   29.9772491    
   85.6465454    
   12.9179001    
   91.5568008    
   39.6284981    
   16.5111008    
   8.92484760    
   10.9652758    
   62.5394821    
   51.0585594    
   24.9430542    
   64.5130310    
   58.4514809    
   89.0620270    
   88.9147644    
   50.3849449    
   53.6570129    
   55.8047180    
   86.3842010    
   14.9457273    
   51.8642616    
   15.4865150    
   6.07029819    
   14.9182501    
   94.0032730    
   16.3897934    
   73.5656357    
   63.8834839    
   5.04124737    
   81.6199112    
   40.1761589    
   79.8886108    
   38.4002914    
   37.2693405    
   89.2069321    
   3.45333219    
   97.5873337    
   76.1462326    
   62.8962746    
   80.7371826    
   97.9216537    
   54.7010536    
   29.1019745    
   3.69601846    
   3.64447236    
   20.1552696    
   91.5014267    
   34.1998825    
   32.8467445    
   63.4753418    
   53.4218979    
   63.3464165    
   97.8858032    
   99.9379425    
  0.232154131    
   99.8102417    
   35.0009270    
   58.5817871    
   85.1002426    
   59.7285385    
   37.5088348    
   10.8767872    
   40.3050117    
   21.8696232    
   43.0983772    
   73.3747101    
   24.9656448    
   70.7124557    
   46.2994156    
   79.6867142    
   3.68666053    
   25.3362007    
   47.5422211    
   95.5491028    
   64.5705719    
   71.3082047    
   1.29572153    
   47.1674728    
   56.0823898    
   62.3156891    
   37.4734688    
   31.0665245    
   82.1883621    
   17.6008053    
   72.5005569    
   21.4789505    
   19.7557144    
   7.34054470    
   33.7007713    
   57.2309036    
   71.2092972    
   66.3334961    
   4.24371958    
   36.2182083    
   15.2029991    
   97.6280365    
   14.9076519    
   82.3176422    
   11.7777233    
   36.9401817    
   46.9449768    
   9.93916416    
   75.3418655    
   54.8701897    
   9.64527702    
   30.9640522    
   24.2146130    
   48.8145370    
   47.7414055    
   22.4017200    
   6.36985874    
   25.1650867    
   77.9449234    
   59.3747749    
   2.83049345    
   91.8208389    
   73.1711655    
   1.86563134    
   51.6860199    
   64.0076294    
   18.0412884    
   53.1991615    
   97.4396667    
   10.5757952    
   56.7128944    
   90.7572784    
   55.2811852    
   50.1409340    
   9.25790691    
   47.5139313    
   50.9797630    
   3.01396847    
   94.5317459    
   88.5946274    
   56.3398781    
   91.3794556    
   12.1932268    
   11.7589417    
   87.0516510    
   38.4379311    
   61.0546455    
   78.3915787    
   97.5839386    
   5.62129593    
   78.2023468    
   40.8558121    
   30.6630554    
   94.9725800    
   65.1042099    
   64.6126480    
   64.8492966    
   15.9697647    
   8.11410522    
   31.0900745    
   54.1547356    
   53.3032761    
   49.5008011    
   77.2628708    
   3.77604365    
   74.3798599    
   45.5978737    
   98.6190948    
   51.8866959    
   16.8614025    
   89.2356491    
   4.14193869    
   5.71656227    
   48.9249115    
   62.7161102    
   86.5223312    
   15.8697491    
   75.2734909    
   31.4378796    
   33.4527359    
   13.9403934    
   92.5245056    
   4.77662086    
   71.5883713    
   57.7467155    
   1.09652281    
   54.6458054    
   15.0618191    
   66.7116241    
   85.6820374    
   44.1244850    
   29.2649040    
   49.7686729    
   87.8388367    
   32.8388405    
   72.4333496    
   49.1029549    
   87.4467392    
   71.1916275    
   47.8857574    
   64.6909714    
   99.2087402    
   86.8411942    
   38.3191986    
   38.6741714    
   56.2763634    
   14.0302601    
   66.8584671    
   19.0070629    
   38.8678665    
   21.5438786    
   81.2870102    
   44.1995850    
   54.9006805    
   67.4309616    
   38.9129944    
   80.8071365    
   16.1821728    
   5.50681973    
   72.9400406    
   9.34101295    
   25.9377537    
   36.0593605    
   64.1426468    
   35.0931053    
   16.6196346    
   74.2420731    
   91.4660034    
   73.6535339    
   98.2746811    
   76.3346481    
   29.1868687    
   91.3725815    
   13.1118832    
   60.3176003    
   22.2909508    
   95.2856445    
   61.8009109    
   89.9253311    
   35.8753090    
  0.764870644    
   14.8137207    
   36.8590584    
   32.6401825    
   53.9401169    
   85.0294266    
   93.6707764    
   57.0502625    
   78.7836456    
   46.7884712    
   14.5876999    
   63.7035561    
  0.179523230    
   72.7287827    
   78.5713577    
   80.5731964    
   93.6609497    
   47.1885490    
   80.1480026    
   84.0711746    
   61.4933014    
   88.1524811    
   47.5767059    
   28.0483971    
   20.0261707    
   18.3917999    
   7.49007463    
   70.2266846    
   78.5520401    
   31.1265717    
   94.6305237    
   64.9867630    
   28.9438248    
   58.8082123    
   2.04198360    
   72.7205658    
   83.8377762    
   71.8704605    
   48.6783218    
   88.2488174    
   81.6394730    
   79.4261703    
   4.10770798    
   53.2054596    
   33.4543114    
   10.2685156    
   50.3956299    
   45.6438370    
   22.1468086    
   14.9269876    
   78.3202820    
   63.2768974    
   9.67689705    
   89.6792145    
   45.9923859    
   91.9607849    
   4.13374901    
   94.3859482    
   83.3411636    
   32.1159821    
   57.4252319    
   12.8755512    
   98.6910782    
   53.4200745    
   44.5083809    
   44.0233459    
   65.2632065    
   76.4227219    
   27.6925926    
   72.8455734    
   93.3513565    
   11.4355621    
   55.3251038    
   58.9268456    
   59.6895561    
   14.9384441    
   71.8206406    
   23.9774342    
   98.2808762    
   40.8076477    
   9.16001797    
   89.7318115    
   93.8011551    
   49.8087349    
   93.7827759    
   14.2783585    
   13.3253040    
   79.4243240    
   22.3743019    
   45.4318123    
   53.9141006    
   14.6427212    
   54.7130127    
   29.5442410    
   56.7003593    
   14.7933187    
   24.2203884    
   61.3595085    
   6.07830286    
   58.3727226    
   53.6011772    
   6.08804798    
   63.6225929    
   28.7161942    
   10.3210154    
  0.889998674    
   37.1185379    
   34.6492310    
   91.1784744    
   85.2013702    
   43.2557831    
   98.7778625    
   61.1250954    
   35.7115135    
   6.39754534    
   98.1696854    
   68.3444519    
   41.3951569    
   51.0194550    
   64.9072723    
   42.4471855    
   26.9792728    
   97.4554291    
   39.6587677    
   31.3456306    
   70.7196732    
   87.8445053    
   35.3636246    
   84.3707504    
   43.5930138    
   85.6758499    
   75.3562469    
   16.9097958    
   69.6603699    
   56.6241379    
   95.5941696    
   62.8817024    
   18.2163410    
   34.9389000    
   91.7037888    
   55.7386208    
   7.17272758    
   96.1891937    
   60.1901932    
   28.4024353    
   78.3512802    
   42.0899811    
   21.8460312    
   44.9067841    
   58.0305099    
   1.14739537    
   40.0108261    
   73.1842880    
   1.69133544    
   41.0237236    
   66.8240814    
   80.7193985    
   12.9072008    
   89.3599472    
   8.30123997    
   15.9624100    
   42.0489540    
   96.1826706    
   79.9807663    
   1.61836147    
   29.9563580    
   4.23616171    
   18.6349087    
   24.2094345    
   1.61986351    
   90.8766174    
   37.9356575    
   38.5374908    
   31.0738392    
   14.5619335    
   30.9824524    
   71.5449905    
   67.7710648    
   90.5223160    
   80.1949463    
   28.3411865    
   80.1218109    
   32.1264610    
   15.7861891    
   36.6291275    
   97.7421494    
   34.9268913    
   23.8855419    
   67.1268692    
   54.7799187    
   20.4096069    
   54.5110588    
   17.4314327    
   73.6796799    
   64.0981827    
   35.3474007    
   16.1698170    
   37.2785149    
   43.9592476    
   29.9561195    
   22.4993935    
   64.7588501    
   81.2947540    
   6.60091019    
   86.7570648    
   93.6380157    
  0.315570831    
   37.1179581    
   72.2359085    
   99.7152176    
   36.4814873    
   51.7626572    
   15.0001822    
   12.3045807    
   87.5899124    
   76.0015640    
   19.9804726    
   85.2754440    
   23.3831043    
   28.6785431    
   28.5938683    
   11.7333298    
   19.1898575    
   1.67469978    
   96.7292709    
   23.5411758    
   82.8268204    
   81.8969345    
   18.8109818    
   18.8397942    
   58.4738312    
   66.1085281    
   86.0469971    
   45.4247971    
   37.7220459    
   64.1597900    
   84.0018921    
   3.36417556    
   83.1909332    
   41.4489098    
   87.2246475    
   38.8860512    
   36.2470284    
   52.8322830    
   32.5605812    
   62.7798424    
   78.2654343    
   67.0746994    
   7.56813288    
   9.09705734    
   84.3042374    
   27.8057880    
   88.5205002    
   74.1554947    
   20.5074425    
   53.7250633    
   86.0220795    
   53.6436005    
   2.21697092    
   27.5410004    
   91.8427734    
   68.1889114    
   68.9405746    
   38.1433601    
   66.5208359    
   95.0823517    
   74.9218597    
   72.7444153    
   8.11513710    
   78.4116821    
   39.8040466    
   19.0171242    
   76.6159286    
   43.7350693    
   74.0167465    
   16.3138027    
   53.3829384    
   80.6880951    
   14.8150024    
   79.8721161    
   58.4104614    
   26.9499054    
   90.2370605    
   46.2820816    
   65.1407700    
   23.5524483    
   79.8971176    
   17.8011112    
   13.8259172    
   40.3656960    
   39.6781464    
   98.2454376    
   8.70313644    
   19.7485619    
   77.2824402    
   44.5009575    
   40.5147629    
   70.9932861    
   12.9252138    
   58.7217407    
   91.1014557    
   20.5324821    
   35.3674355    
   75.2920074    
   87.3076706    
   33.9554672    
   60.3112335    
   21.5052128    
   7.84399509    
   15.1784601    
   54.7800674    
   75.1871719    
   5.19036674    
   76.6258011    
   29.4459343    
   7.35257864    
   84.0970612    
   24.7304611    
   70.1277161    
   59.7301674    
   4.16926765    
   93.9246445    
   52.3700104    
   7.89456940    
   96.8482285    
   34.6752510    
   2.68619657    
   22.4373875    
   58.9265480    
   52.0503540    
   64.7006607    
   91.7083130    
   58.4923019    
  0.477647781    
   21.1068745    
   26.8646774    
   76.0438309    
   24.5020504    
   16.4137421    
   78.1230240    
   4.94685173    
   34.3936996    
   11.6301298    
   91.0881424    
   23.8661652    
   23.9694290    
   17.7401123    
   56.8220024    
   15.6680584    
   20.6192074    
   5.53777790    
   98.6538696    
   84.8171616    
   13.3469286    
   88.6990204    
   65.3891907    
   39.7384033    
   55.9959488    
   93.7570419    
   85.2695694    
   36.3354149    
   86.4601898    
   55.7502556    
   58.9384384    
   38.7211914    
   22.1487465    
   25.4595528    
   24.4271584    
   39.5937386    
   66.3482819    
   42.8879089    
   45.9513245    
   66.5110703    
   6.18590736    
   85.7981110    
   40.5301018    
   51.0904617    
   81.5982285    
   25.4494247    
   41.8621254    
   81.3739166    
   9.58572578    
   37.0766525    
   17.4608822    
   11.5461645    
   4.44243526    
   24.4289455    
   62.6606827    
   3.82713079    
   51.2809143    
   32.6661224    
   52.6727448    
   78.2459412    
   42.9879913    
   46.3754234    
   49.9601288    
   4.78662252    
   34.7028008    
   30.1928997    
   19.4009666    
   7.90997124    
   2.62848735    
   19.9332466    
   12.1975899    
   73.4549484    
   26.7964478    
   35.2580795    
   97.3925858    
   47.8145790    
   38.2998772    
   68.1296692    
   25.7513161    
   54.6276741    
   90.2235794    
   70.8474121    
   37.5144730    
   28.9745750    
   81.2680664    
   17.8232670    
   73.4253311    
   89.0115891    
   30.8275337    
   16.1499615    
   94.2619171    
   7.82575035    
   48.0811348    
   89.6024323    
   94.6015625    
   33.6975098    
   15.9498034    
   91.8921661    
   88.2185593    
   26.2514839    
   59.9425087    
   2.32927799    
   82.3172607    
   54.6735306    
   36.8684464    
   10.1845026    
   24.5729504    
   51.9152222    
   84.5634308    
   86.9405136    
   97.2809906    
   13.2092657    
   99.3087540    
   87.7993317    
   58.7004433    
   50.3539925    
   12.7660275    
   25.3623543    
   14.6225452    
   14.3244629    
   57.0862656    
   50.9124451    
   20.1308727    
   94.1020050    
   23.5145206    
   26.0372467    
   59.5888786    
   55.5968590    
   68.6619873    
   36.3487015    
   3.89156342    
   63.4098816    
   35.0849457    
   3.36623192    
   53.4045296    
